AI History:
[ 0 ,   1 ,   1 ,   1 ,   2 ,   3 ,   0 ,   2 ,   3 ,   4 ,   2 ,   1 ,   4 ,   4 ]
 Player History:
[ 0 ,   2 ,   3 ,   1 ,   2 ,   3 ,   0 ,   3 ,   5 ,   4 ,   4 ,   0 ,   4 ]
 Player 1 wins!
=================================================
AI History:
[ 0 ,   0 ,   1 ,   2 ,   2 ,   1 ,   3 ,   3 ]
 Player History:
[ 1 ,   0 ,   2 ,   1 ,   2 ,   0 ,   4 ]
 Player 1 wins!
=================================================
AI History:
[ 0 ,   0 ,   1 ,   2 ,   1 ,   1 ,   1 ]
 Player History:
[ 1 ,   0 ,   2 ,   2 ,   0 ,   2 ]
 Player 1 wins!
=================================================
AI History:
[ 0 ,   0 ,   0 ,   1 ,   3 ,   2 ,   1 ,   0 ,   3 ]
 Player History:
[ 1 ,   1 ,   0 ,   2 ,   2 ,   4 ,   2 ,   3 ]
 Player 1 wins!
=================================================
